10 4 6.94564 
10 5 6.98184 
10 2 7.22364 
10 3 7.24079 
10 1 7.47295 
10 6 7.31588 
10 7 7.28171 
10 8 8.83660 
10 9 8.90304 
100 1 6.52695 
100 2 6.55285 
100 3 6.58737 
100 4 6.62514 
100 5 6.60253 
100 6 6.64025 
100 8 6.62395 
100 9 6.60186 
100 10 6.60807 
100 11 6.57960 
100 13 6.57425 
100 14 6.57632 
100 7 6.79764 
100 12 6.64178 
100 15 6.63799 
100 16 6.62507 
100 17 6.60426 
100 18 6.58579 
100 31 6.10833 
100 19 6.60417 
100 30 6.22827 
100 32 6.17857 
100 33 6.19182 
100 35 6.11643 
100 34 6.18026 
100 36 6.10562 
100 37 6.17912 
100 39 6.14790 
100 38 6.18880 
100 41 6.64580 
100 40 6.69439 
100 21 7.46210 
100 42 6.64755 
100 22 7.45199 
100 20 7.53100 
100 23 7.47010 
100 43 6.69442 
100 45 6.64038 
100 44 6.68734 
100 25 7.46028 
100 46 6.66209 
100 26 7.46661 
100 24 7.54963 
100 49 6.61369 
100 47 6.69858 
100 27 7.48092 
100 48 6.70138 
100 50 6.63744 
100 51 6.66312 
100 29 7.54167 
100 52 6.65733 
100 28 7.59964 
100 55 6.65257 
100 56 6.62569 
100 57 6.65623 
100 54 6.86408 
100 58 6.71743 
100 53 6.91778 
100 77 5.97620 
100 76 6.03390 
100 59 6.71208 
100 78 5.98759 
100 79 6.08860 
100 61 6.93759 
100 60 6.98932 
100 64 6.90288 
100 62 7.00598 
100 63 6.97638 
100 65 6.94296 
100 66 6.96617 
100 67 6.93488 
100 69 6.89789 
100 70 6.96308 
100 72 6.92416 
100 73 6.92214 
100 71 7.00260 
100 74 6.90472 
100 68 7.16779 
100 75 6.91924 
100 81 7.40254 
100 80 7.52997 
100 82 7.44597 
100 83 7.46959 
100 84 7.43242 
100 85 7.41900 
100 86 7.41580 
100 87 7.45030 
100 88 7.44471 
100 89 7.47358 
100 91 7.39510 
100 90 7.44198 
100 93 7.38209 
100 94 7.34896 
100 92 7.47746 
100 97 7.35147 
100 96 7.41108 
100 95 7.46074 
100 98 7.37572 
100 99 7.41247 
1000 19 72.95012 
1000 18 73.39576 
1000 52 72.99573 
1000 54 73.69129 
1000 55 73.76749 
1000 58 73.75208 
1000 53 74.41746 
1000 59 74.06492 
1000 57 74.50416 
1000 56 75.17308 
1000 22 83.38262 
1000 27 83.85811 
1000 30 83.72237 
1000 29 83.83444 
1000 21 84.57515 
1000 20 84.80134 
1000 25 84.34973 
1000 32 83.86855 
1000 28 84.26677 
1000 35 83.63577 
1000 34 83.89253 
1000 26 84.62750 
1000 33 83.88259 
1000 1 87.14862 
1000 7 86.65524 
1000 37 83.95630 
1000 31 84.52389 
1000 9 86.68157 
1000 38 84.21021 
1000 2 87.48345 
1000 3 87.53461 
1000 39 84.37280 
1000 10 87.05808 
1000 8 87.29978 
1000 6 87.50489 
1000 65 82.31660 
1000 62 82.63475 
1000 4 87.79381 
1000 24 86.03252 
1000 75 81.71563 
1000 13 87.19714 
1000 12 87.35413 
1000 60 83.25642 
1000 15 87.24002 
1000 68 82.61123 
1000 66 82.84092 
1000 63 83.12639 
1000 67 82.76465 
1000 69 82.63382 
1000 5 88.33227 
1000 61 83.38298 
1000 16 87.36953 
1000 23 86.85840 
1000 14 87.67796 
1000 36 85.76528 
1000 81 81.82760 
1000 70 82.84477 
1000 77 82.32792 
1000 76 82.53417 
1000 74 82.74686 
1000 17 87.77851 
1000 71 83.06116 
1000 79 82.51748 
1000 80 82.45806 
1000 85 82.09978 
1000 64 84.11350 
1000 87 82.21758 
1000 88 82.22389 
1000 83 82.72407 
1000 89 82.28651 
1000 91 82.20405 
1000 78 83.58463 
1000 11 89.56215 
1000 86 82.98954 
1000 73 84.24800 
1000 94 82.59503 
1000 99 82.33874 
1000 97 82.63457 
1000 84 83.80562 
1000 82 83.99073 
1000 93 83.03570 
1000 95 82.95855 
1000 98 82.85175 
1000 92 83.39684 
1000 96 83.12321 
1000 72 85.37945 
1000 90 83.88393 
1000 49 92.86219 
1000 43 93.44690 
1000 48 93.18444 
1000 41 93.82797 
1000 42 93.82911 
1000 44 94.42450 
1000 50 94.15942 
1000 40 95.14501 
1000 46 94.74064 
1000 45 94.88641 
1000 51 94.72313 
1000 47 95.29169 
1000 39 71.17050 
1000 38 72.30917 
1000 14 75.93973 
1000 12 76.18214 
1000 9 76.46463 
1000 10 76.46318 
1000 13 76.24346 
1000 11 76.54261 
1000 16 76.15411 
1000 8 76.94122 
1000 18 76.17561 
1000 15 77.04423 
1000 17 77.22004 
1000 19 77.16978 
1000 78 77.50309 
1000 79 78.14373 
1000 20 87.02785 
1000 29 86.28894 
1000 24 87.22713 
1000 22 87.68178 
1000 25 87.49715 
1000 21 87.91796 
1000 23 87.85731 
1000 31 87.36022 
1000 28 87.67287 
1000 26 87.90484 
1000 98 81.45428 
1000 99 81.41054 
1000 37 87.09090 
1000 33 87.52458 
1000 42 86.78784 
1000 35 87.43178 
1000 97 81.84933 
1000 30 87.94500 
1000 1 90.60052 
1000 41 87.16957 
1000 34 87.86462 
1000 96 82.25344 
1000 45 87.03086 
1000 50 86.56345 
1000 46 86.99939 
1000 49 86.75303 
1000 4 90.83844 
1000 3 90.98662 
1000 6 90.71722 
1000 5 90.82770 
1000 47 87.23372 
1000 7 90.82156 
1000 43 87.63333 
1000 48 87.20587 
1000 40 88.07107 
1000 80 84.45995 
1000 55 86.76945 
1000 56 86.72053 
1000 57 86.80840 
1000 64 86.27270 
1000 81 84.73746 
1000 82 84.68077 
1000 54 87.52226 
1000 52 87.71274 
1000 58 87.25113 
1000 51 87.93840 
1000 84 84.94183 
1000 87 84.66211 
1000 32 89.71283 
1000 67 86.58033 
1000 59 87.32315 
1000 70 86.39489 
1000 86 85.09224 
1000 60 87.64876 
1000 62 87.54666 
1000 27 90.82582 
1000 90 85.09858 
1000 68 87.10434 
1000 89 85.26397 
1000 2 93.25905 
1000 65 87.70122 
1000 91 85.34669 
1000 88 85.63650 
1000 93 85.17972 
1000 63 87.92469 
1000 69 87.40024 
1000 75 86.90320 
1000 92 85.42159 
1000 66 87.85942 
1000 61 88.38432 
1000 83 86.42010 
1000 74 87.31592 
1000 85 86.39055 
1000 71 87.66821 
1000 73 87.51920 
1000 72 87.78022 
1000 76 87.42789 
1000 94 85.97143 
1000 77 87.57134 
1000 53 89.93679 
1000 95 87.44993 
1000 33 158.46854 
1000 31 158.84715 
1000 39 157.72444 
1000 32 158.92850 
1000 36 158.61360 
1000 38 158.42475 
1000 34 159.30500 
1000 30 160.05473 
1000 37 159.76597 
1000 35 160.77712 
1000 23 176.16515 
1000 29 175.79969 
1000 25 176.97766 
1000 28 176.80252 
1000 21 177.96866 
1000 27 177.16584 
1000 22 178.10362 
1000 24 178.34108 
1000 20 180.41487 
1000 1 191.56932 
1000 48 185.32767 
1000 9 192.18250 
1000 2 193.36132 
1000 4 193.07912 
1000 26 189.86880 
1000 8 192.58279 
1000 3 193.76648 
1000 49 186.88538 
1000 40 188.85061 
1000 7 193.88150 
1000 44 189.14599 
1000 5 195.09720 
1000 42 189.79392 
1000 18 193.52662 
1000 47 189.34349 
1000 10 194.91724 
1000 45 189.76503 
1000 13 194.62655 
1000 41 190.89393 
1000 6 196.43316 
1000 46 190.37575 
1000 11 195.84296 
1000 19 194.61616 
1000 15 195.26100 
1000 43 191.09130 
1000 12 196.05982 
1000 14 196.24180 
1000 17 196.01488 
1000 16 197.31109 
1000 25 103.25057 
1000 28 102.99645 
1000 27 103.31764 
1000 26 103.49056 
1000 29 103.59086 
1000 34 105.93230 
1000 33 106.15176 
1000 30 106.63233 
1000 36 106.04244 
1000 39 105.72216 
1000 35 106.19947 
1000 40 105.75392 
1000 32 106.79318 
1000 38 106.57784 
1000 37 106.72874 
1000 42 106.33163 
1000 44 106.27223 
1000 43 107.21421 
1000 41 107.72617 
1000 31 110.50340 
1000 2 115.35044 
1000 1 116.12142 
1000 10 115.12214 
1000 6 115.71823 
1000 13 114.96217 
1000 8 115.50584 
1000 7 115.76759 
1000 16 114.86067 
1000 3 116.35548 
1000 18 114.73697 
1000 11 115.54375 
1000 5 116.19520 
1000 17 114.91211 
1000 4 116.42715 
1000 9 116.18724 
1000 20 114.94868 
1000 14 115.74675 
1000 21 114.98424 
1000 23 115.07679 
1000 19 115.61618 
1000 12 116.50163 
1000 22 115.74479 
1000 24 116.13690 
1000 15 118.41987 
1000 64 113.71709 
1000 62 114.58860 
1000 60 114.99829 
1000 68 114.37790 
1000 70 114.46919 
1000 66 114.95491 
1000 65 115.14374 
1000 67 114.92198 
1000 72 114.47939 
1000 74 114.33040 
1000 61 116.29765 
1000 63 116.15657 
1000 48 118.05271 
1000 69 115.84673 
1000 71 115.91535 
1000 73 115.92093 
1000 56 117.87780 
1000 47 119.07736 
1000 46 119.20866 
1000 55 118.41297 
1000 52 118.76952 
1000 53 118.79382 
1000 58 118.36775 
1000 59 118.54387 
1000 57 119.40942 
1000 49 120.54314 
1000 45 120.97045 
1000 50 120.69324 
1000 51 120.95184 
1000 54 120.76558 
