0009 6.47152 
0012 6.45651 
0013 6.43672 
0010 6.46898 
0011 6.51508 
0008 6.48245 
0097 6.39080 
0092 6.41041 
0095 6.44063 
0098 6.43170 
0093 6.44428 
0099 6.43512 
0091 6.43591 
0094 6.49066 
0096 6.48028 
0044 6.66465 
0090 6.41428 
0047 6.71256 
0046 6.66134 
0033 6.80778 
0032 6.78832 
0031 6.83146 
0045 6.73908 
0100 6.70447 
0005 7.04461 
0050 6.86577 
0030 6.99870 
0054 6.93081 
0004 7.12702 
0006 7.06817 
0053 6.94055 
0051 6.92020 
0055 6.94139 
0049 6.94299 
0052 6.93984 
0048 6.95815 
0007 7.23873 
0086 7.02559 
0089 7.01833 
0028 7.15208 
0003 7.17133 
0002 7.19936 
0088 7.01307 
0000 7.19197 
0029 7.13358 
0001 7.17390 
0026 7.17253 
0020 7.13014 
0027 7.17193 
0058 7.15750 
0018 7.16099 
0042 7.10908 
0070 7.31548 
0073 6.95812 
0087 7.20008 
0057 7.14773 
0043 7.11177 
0072 7.02028 
0021 7.16734 
0040 7.17412 
0019 7.14026 
0071 7.34500 
0069 7.32786 
0068 7.32730 
0056 7.28991 
0041 7.19200 
0059 7.28001 
0034 7.28520 
0063 7.31378 
0023 7.21101 
0022 7.25800 
0024 7.25089 
0064 7.30280 
0060 7.31107 
0065 7.29347 
0061 7.35331 
0035 7.43668 
0066 7.38187 
0025 7.35487 
0067 7.30277 
0062 7.45736 
0075 7.37699 
0080 7.39921 
0082 7.39849 
0078 7.37358 
0083 7.43452 
0079 7.40007 
0081 7.39862 
0076 7.38513 
0039 7.75476 
0037 7.78333 
0038 7.73397 
0077 7.63084 
0036 7.87780 
0074 7.42689 
0085 7.99893 
0084 7.99314 
0014 8.32709 
0016 8.32841 
0017 8.39103 
0015 8.41916 
0139 6.67026 
0137 6.67464 
0138 6.75247 
0140 6.71331 
0187 6.69326 
0186 6.70420 
0185 6.68274 
0189 6.77990 
0188 6.75430 
0283 6.66258 
0235 6.78122 
0248 6.62981 
0233 6.79155 
0181 6.84918 
0284 6.70622 
0247 6.61115 
0282 6.70711 
0183 6.84357 
0242 6.75296 
0126 6.88138 
0125 6.85992 
0191 6.81773 
0246 6.69636 
0281 6.77171 
0285 6.67901 
0245 6.70448 
0243 6.80474 
0142 6.92612 
0236 6.77197 
0241 6.78967 
0192 6.83811 
0182 6.83886 
0190 6.83158 
0278 6.79477 
0237 6.77464 
0238 6.75286 
0279 6.80145 
0280 6.79180 
0244 6.80417 
0128 6.86757 
0239 6.74892 
0240 6.76124 
0301 6.87016 
0184 6.93196 
0234 6.81950 
0163 6.89509 
0144 6.98560 
0298 6.87034 
0127 6.94918 
0196 6.96442 
0164 6.93211 
0300 6.88488 
0162 6.89060 
0194 6.97994 
0141 7.01271 
0143 7.00672 
0195 6.97528 
0193 7.03428 
0217 6.87136 
0161 6.92480 
0220 6.88326 
0219 6.88968 
0299 7.01410 
0167 7.02672 
0109 7.12261 
0293 6.93727 
0101 7.07239 
0218 6.91832 
0168 6.97360 
0292 6.97481 
0205 6.88396 
0289 6.87048 
0290 6.93252 
0288 6.88034 
0338 6.88563 
0157 7.06208 
0277 6.91474 
0340 6.89289 
0159 7.06005 
0211 6.98893 
0102 7.12388 
0110 7.14821 
0209 7.01305 
0160 7.05193 
0105 7.09819 
0275 6.93465 
0104 7.11901 
0165 7.04710 
0158 7.07828 
0166 7.03410 
0341 6.91687 
0210 6.99752 
0206 6.91043 
0208 6.92468 
0286 6.93407 
0113 7.11844 
0133 7.04682 
0106 7.14282 
0339 6.94114 
0103 7.10263 
0119 7.07517 
0409 6.46631 
0107 7.18506 
0291 6.98455 
0145 7.02499 
0212 7.04231 
0276 6.95098 
0207 6.91383 
0112 7.17325 
0408 6.45399 
0287 6.97684 
0223 7.00891 
0118 7.08275 
0108 7.20506 
0131 7.17721 
0117 7.10759 
0132 7.21405 
0130 7.20159 
0129 7.21574 
0148 7.04449 
0134 7.13001 
0343 7.00912 
0120 7.12124 
0214 7.07683 
0410 6.42721 
0136 7.13852 
0331 6.96065 
0349 6.97990 
0346 7.06760 
0197 7.20859 
0114 7.19733 
0347 7.02490 
0135 7.14338 
0213 7.12212 
0146 7.08535 
0224 7.06202 
0111 7.22772 
0330 6.97488 
0222 7.06248 
0407 6.55282 
0411 6.56160 
0342 7.01457 
0147 7.09361 
0344 7.01153 
0348 7.03014 
0221 7.03081 
0198 7.19563 
0199 7.20498 
0200 7.20217 
0352 7.07585 
0152 7.24382 
0345 7.07605 
0215 7.18150 
0353 7.06570 
0333 7.08945 
0406 6.48641 
0350 7.10661 
0332 7.14762 
0308 7.07746 
0216 7.26447 
0202 7.22549 
0307 7.06995 
0351 7.18444 
0306 7.09610 
0151 7.36820 
0309 7.12049 
0326 7.22557 
0203 7.21244 
0201 7.25379 
0310 7.05837 
0314 7.10373 
0122 7.31409 
0123 7.28839 
0121 7.30562 
0124 7.34007 
0329 7.26412 
0305 7.25661 
0327 7.27837 
0311 7.22676 
0312 7.20789 
0304 7.25415 
0296 7.26965 
0397 7.48758 
0302 7.31803 
0336 7.32921 
0303 7.35147 
0204 7.46757 
0295 7.35222 
0294 7.31341 
0328 7.36195 
0313 7.16321 
0154 7.45408 
0315 7.09763 
0334 7.36903 
0226 7.39598 
0231 7.39025 
0230 7.44377 
0153 7.46925 
0155 7.53849 
0156 7.54343 
0439 6.68357 
0438 6.67149 
0441 6.72776 
0335 7.41461 
0337 7.35463 
0440 6.72002 
0225 7.49225 
0232 7.46411 
0227 7.44900 
0297 7.53339 
0229 7.51943 
0354 7.65815 
0228 7.54178 
0449 6.32482 
0359 7.66237 
0448 6.32555 
0358 7.66947 
0446 6.32005 
0319 7.18114 
0180 7.52658 
0444 6.78345 
0258 7.60696 
0356 7.71527 
0320 7.14286 
0253 7.60821 
0355 7.68157 
0176 7.51536 
0251 7.62108 
0254 7.67383 
0172 7.60125 
0357 7.69470 
0177 7.56983 
0255 7.65505 
0178 7.53898 
0447 6.38542 
0443 6.77728 
0250 7.63679 
0174 7.56104 
0318 7.13757 
0321 7.11489 
0173 7.64318 
0170 7.60151 
0445 6.91063 
0316 7.12467 
0171 7.55899 
0169 7.59994 
0325 7.13681 
0149 7.83161 
0323 7.12635 
0324 7.10700 
0322 7.13792 
0175 7.65974 
0362 7.62116 
0150 7.91591 
0361 7.77461 
0317 7.11954 
0442 7.05846 
0252 7.86342 
0363 7.59353 
0256 7.61302 
0179 7.86187 
0116 8.08214 
0366 7.63523 
0364 7.56120 
0115 8.09186 
0260 7.64946 
0259 7.60746 
0365 7.59986 
0257 7.74972 
0452 6.90973 
0261 7.59642 
0450 6.95614 
0368 7.58825 
0262 7.62190 
0453 6.96447 
0367 7.59489 
0474 6.98566 
0451 7.03056 
0369 7.57523 
0263 7.58814 
0476 7.02316 
0475 7.01441 
0456 6.91783 
0454 6.92502 
0457 6.95304 
0455 6.94345 
0264 7.56353 
0477 7.07553 
0415 7.69868 
0371 7.54548 
0417 7.68693 
0416 7.72382 
0370 7.60229 
0372 7.49945 
0480 7.13456 
0418 7.77605 
0414 7.71418 
0479 7.14295 
0459 6.98020 
0458 6.98908 
0471 7.18362 
0481 7.16677 
0473 7.15711 
0266 7.55640 
0374 7.51785 
0487 7.10559 
0376 7.45323 
0265 7.53019 
0478 7.20901 
0483 7.13761 
0470 7.19495 
0488 7.11121 
0472 7.24832 
0420 7.65403 
0484 7.11925 
0485 7.20918 
0490 7.18830 
0486 7.15073 
0491 7.17002 
0373 7.51569 
0482 7.20544 
0267 7.50525 
0492 7.15384 
0419 7.70161 
0413 7.68414 
0489 7.24785 
0493 7.24850 
0375 7.44832 
0422 7.64190 
0270 7.55892 
0249 7.57649 
0268 7.65264 
0269 7.60720 
0273 7.50524 
0271 7.56155 
0272 7.51576 
0494 7.22648 
0421 7.76956 
0495 7.22199 
0423 7.71711 
0496 7.24127 
0378 7.41171 
0377 7.48998 
0274 7.56534 
0497 7.27595 
0382 7.62555 
0498 7.33875 
0464 7.41193 
0379 7.49027 
0381 7.57534 
0462 7.37691 
0424 7.65026 
0465 7.39470 
0391 7.55525 
0467 7.39608 
0499 7.42277 
0461 7.49283 
0500 7.41176 
0466 7.39810 
0506 7.33916 
0427 7.62999 
0463 7.54516 
0501 7.37646 
0511 7.35688 
0384 7.56967 
0508 7.35468 
0507 7.32197 
0510 7.30982 
0468 7.44784 
0469 7.47728 
0385 7.52329 
0425 7.75189 
0509 7.35852 
0429 7.55131 
0428 7.62408 
0412 7.66736 
0426 7.72077 
0386 7.53382 
0505 7.60713 
0503 7.59371 
0387 7.54654 
0460 7.46792 
0431 7.56945 
0502 7.73305 
0504 7.68058 
0430 7.65089 
0388 7.56283 
0389 7.48488 
0434 7.57218 
0433 7.62082 
0435 7.59208 
0432 7.66956 
0436 7.53201 
0437 7.56725 
0390 7.53710 
0392 7.53716 
0394 7.48879 
0393 7.60925 
0395 7.46992 
0396 7.44151 
0401 7.45635 
0400 7.46638 
0360 7.14626 
0513 7.73415 
0404 7.43525 
0512 7.78276 
0398 7.42447 
0515 7.80698 
0514 7.84965 
0402 7.42096 
0399 7.55253 
0405 7.44355 
0403 7.41782 
0383 7.44718 
0380 7.81127 
0521 7.98703 
0519 8.30392 
0516 8.35831 
0517 8.34209 
0518 8.38765 
0520 8.21942 
0523 6.90838 
0522 6.95044 
0524 7.01193 
0618 6.29351 
0620 6.30536 
0617 6.32546 
0619 6.39088 
0626 6.41853 
0625 6.45764 
0622 6.50755 
0623 6.45296 
0624 6.50935 
0621 6.44353 
0652 6.61452 
0653 6.61825 
0611 6.80282 
0654 6.60975 
0610 6.81607 
0612 6.81956 
0609 6.82577 
0651 6.64071 
0676 6.68653 
0608 6.83615 
0677 6.68935 
0598 6.93377 
0607 6.86261 
0597 6.94496 
0678 6.73488 
0675 6.73865 
0599 6.94250 
0724 6.65582 
0606 6.86283 
0725 6.68620 
0723 6.68035 
0644 6.92428 
0600 6.96785 
0701 6.77418 
0643 6.92687 
0605 6.97436 
0645 6.94799 
0726 6.70450 
0586 7.23939 
0752 6.66197 
0592 7.08092 
0580 7.10844 
0593 7.06104 
0635 6.91298 
0794 6.66755 
0796 6.69695 
0667 6.85894 
0753 6.66069 
0588 7.00848 
0702 6.82467 
0582 7.13720 
0795 6.68441 
0529 7.61754 
0751 6.71352 
0638 6.89247 
0637 6.93747 
0591 7.11298 
0585 7.24174 
0659 6.91857 
0708 6.78038 
0640 6.97955 
0583 7.25848 
0700 6.89441 
0707 6.78890 
0641 6.97585 
0793 6.67337 
0646 7.01338 
0579 7.20036 
0590 7.01302 
0594 7.10953 
0699 6.88304 
0581 7.17692 
0636 7.00074 
0589 7.06327 
0595 7.10670 
0587 7.11875 
0754 6.70591 
0709 6.86337 
0639 7.02128 
0662 6.92011 
0584 7.41370 
0717 6.85566 
0604 7.11998 
0668 6.96077 
0669 6.89039 
0528 7.68447 
0603 7.14739 
0642 7.00068 
0756 6.76785 
0660 6.98249 
0758 6.75517 
0526 7.66537 
0716 6.87003 
0715 6.87218 
0596 7.12232 
0728 6.86936 
0601 7.16912 
0833 6.77807 
0661 7.00018 
0729 6.88227 
0727 6.91536 
0816 6.77993 
0755 6.81038 
0834 6.76486 
0718 6.89045 
0602 7.17571 
0835 6.84114 
0836 6.81389 
0806 6.82295 
0807 6.86888 
0531 7.60438 
0815 6.78764 
0730 6.94023 
0805 6.86261 
0757 6.78173 
0814 6.75850 
0530 7.77041 
0722 7.01689 
0670 7.18971 
0703 6.99354 
0710 7.03768 
0706 7.02113 
0712 7.01645 
0664 7.06286 
0719 7.03366 
0720 7.00143 
0808 6.88422 
0671 7.02939 
0705 6.99044 
0672 7.03338 
0674 7.03711 
0714 7.02078 
0813 6.86978 
0713 6.98549 
0614 7.28805 
0721 7.04701 
0628 7.14110 
0673 7.08058 
0711 7.04841 
0663 7.05723 
0786 6.94780 
0831 6.91230 
0532 7.64503 
0802 6.90884 
0576 7.70266 
0527 7.98071 
0665 7.17740 
0804 6.90432 
0830 6.92739 
0629 7.15472 
0554 7.76298 
0666 7.20359 
0832 6.93881 
0704 7.10125 
0630 7.22316 
0829 6.97850 
0552 7.76452 
0533 7.63974 
0762 7.03963 
0553 7.74047 
0613 7.35671 
0697 7.08922 
0627 7.15628 
0803 6.90518 
0698 7.08614 
0761 7.04421 
0811 6.87796 
0615 7.34328 
0785 7.04993 
0787 6.99323 
0740 7.09564 
0555 7.70519 
0801 6.95606 
0739 7.10462 
0759 7.04762 
0792 6.89943 
0742 7.08821 
0809 6.91546 
0695 7.08265 
0760 7.07117 
0741 7.11318 
0616 7.40648 
0733 7.15300 
0791 6.90518 
0556 7.68739 
0812 6.91412 
0750 7.14258 
0790 6.87325 
0696 7.15775 
0731 7.14909 
0788 7.07395 
0810 6.89668 
0746 7.07742 
0818 7.08670 
0747 7.19700 
0534 7.59744 
0789 7.01287 
0734 7.23029 
0558 7.62308 
0732 7.22175 
0557 7.69286 
0820 7.08271 
0658 7.29649 
0748 7.23241 
0749 7.20035 
0655 7.34394 
0657 7.32405 
0743 7.13720 
0768 7.11693 
0766 7.10752 
0744 7.12364 
0647 7.40756 
0648 7.47967 
0767 7.09865 
0650 7.41031 
0649 7.43312 
0769 7.08339 
0798 7.18129 
0656 7.32746 
0825 7.13386 
0535 7.63326 
0797 7.20483 
0745 7.22575 
0819 7.16018 
0817 7.18801 
0800 7.22411 
0770 7.14095 
0824 7.17351 
0828 7.13671 
0771 7.09760 
0536 7.60942 
0826 7.19670 
0827 7.13561 
0843 7.08470 
0821 7.18812 
0737 7.20431 
0559 7.66089 
0799 7.25471 
0765 7.22973 
0577 7.84724 
0632 7.57600 
0837 7.22726 
0772 7.07910 
0823 7.27554 
0844 7.13034 
0845 7.14865 
0841 7.19257 
0822 7.26933 
0735 7.29933 
0631 7.74485 
0578 7.94464 
0738 7.27813 
0838 7.28504 
0849 6.96000 
0560 7.65531 
0842 7.27336 
0850 6.97078 
0839 7.27039 
0840 7.32909 
0634 7.69585 
0846 7.14009 
0633 7.68054 
0848 7.18205 
0537 7.57782 
0736 7.38549 
0773 7.17086 
0562 7.63834 
0774 7.12541 
0561 7.68332 
0694 7.44234 
0692 7.41570 
0693 7.44463 
0563 7.59823 
0691 7.49454 
0539 7.54361 
0680 7.55289 
0538 7.58066 
0683 7.58229 
0540 7.51822 
0866 7.22324 
0679 7.59758 
0686 7.53467 
0863 7.24050 
0684 7.56673 
0685 7.54209 
0847 7.14667 
0564 7.62383 
0862 7.26123 
0864 7.28056 
0682 7.62115 
0865 7.28828 
0861 7.33297 
0565 7.63121 
0688 7.54444 
0541 7.52188 
0777 7.13660 
0681 7.69858 
0687 7.57258 
0779 7.12163 
0566 7.59525 
0690 7.53081 
0775 7.21211 
0542 7.51710 
0689 7.62957 
0781 7.07650 
0778 7.16637 
0543 7.50220 
0780 7.14481 
0567 7.56987 
0874 7.30090 
0783 7.13505 
0854 7.44203 
0855 7.38100 
0868 7.39733 
0869 7.35447 
0873 7.33757 
0867 7.40238 
0784 7.14962 
0544 7.52779 
0852 7.46391 
0782 7.11714 
0545 7.49725 
0875 7.34388 
0856 7.38818 
0870 7.36842 
0776 7.13501 
0570 7.56386 
0857 7.39421 
0871 7.39025 
0853 7.34188 
0858 7.41346 
0872 7.39586 
0859 7.42348 
0876 7.42543 
0546 7.49797 
0548 7.47912 
0860 7.39567 
0547 7.51437 
0550 7.45806 
0569 7.66125 
0549 7.47147 
0573 7.56936 
0568 7.79465 
0571 7.58745 
0572 7.68752 
0575 7.60524 
0525 7.52073 
0574 7.57638 
0764 8.04311 
0763 8.06525 
0851 7.37548 
0883 7.64429 
0884 7.64871 
0882 7.72158 
0885 7.64846 
0881 7.72705 
0877 7.63121 
0878 7.61304 
0880 7.62982 
0879 7.63687 
0886 7.62904 
0887 7.64421 
0888 7.66291 
0890 7.60101 
0551 8.21630 
0891 7.58679 
0889 7.67221 
0892 7.62251 
0893 7.59729 
0894 7.55452 
0933 7.80935 
0934 7.79114 
0936 7.86184 
0896 7.50045 
0897 7.53217 
0935 7.99618 
0898 7.54062 
0895 7.72800 
0901 7.47434 
0899 7.47080 
0900 7.49662 
0902 7.46412 
0903 7.38412 
0904 7.37781 
0905 7.48571 
0909 7.57988 
0906 7.32417 
0908 7.63251 
0910 7.88353 
0911 7.58712 
0913 7.55701 
0916 7.55896 
0912 7.54187 
0932 7.55223 
0914 7.57444 
0915 7.55826 
0917 7.48742 
0919 7.62621 
0918 7.49975 
0922 7.50590 
0920 7.50128 
0941 7.99314 
0925 7.49359 
0926 7.54830 
0921 7.66434 
0927 7.45675 
0942 8.02617 
0923 7.44032 
0930 7.44458 
0928 7.44122 
0929 7.49801 
0931 7.52859 
0924 7.57810 
0907 7.66172 
0939 8.33908 
0937 8.32773 
0940 8.36306 
0938 8.35081 
0952 6.33903 
0949 6.37482 
0950 6.36622 
0951 6.36504 
0953 6.37507 
0948 6.38626 
0954 6.40024 
0947 6.46070 
0956 6.90119 
0957 6.94373 
0955 6.93463 
0944 7.13054 
0945 7.10080 
0946 7.14373 
0943 7.20003 
0964 6.46890 
0965 6.47842 
0967 6.44540 
0966 6.50058 
0963 6.48278 
0962 6.44674 
0968 6.62846 
0971 6.61363 
0970 6.63606 
0969 6.67066 
0991 6.71470 
0990 6.71013 
0985 6.78456 
0987 6.79311 
0988 6.74060 
0986 6.79266 
0989 6.77131 
0984 6.80228 
0994 6.87401 
0998 6.84307 
0997 6.84992 
0999 6.90110 
0995 6.89564 
0992 6.90010 
0996 6.94074 
0993 6.98184 
0961 7.42775 
0958 7.50348 
0959 7.49547 
0960 7.73947 
0972 7.77141 
0974 7.77645 
0975 7.79491 
0973 7.79769 
0976 7.70017 
0979 7.73647 
0978 7.79630 
0977 8.08520 
0983 7.72941 
0980 7.86094 
0982 7.79296 
0981 7.96582 
0000 6.86927 
0021 6.62007 
0002 6.88054 
0022 6.70436 
0001 6.98916 
0071 6.76199 
0026 6.96657 
0070 6.74925 
0069 6.75450 
0072 6.80362 
0025 7.00376 
0062 6.84885 
0038 6.97132 
0061 6.87591 
0037 6.98721 
0018 6.99142 
0017 7.05313 
0015 7.07454 
0042 7.01911 
0043 6.98844 
0044 7.04251 
0068 6.94855 
0067 6.88957 
0008 7.19862 
0066 6.92344 
0045 7.02231 
0065 6.97208 
0047 7.01180 
0046 7.05854 
0168 6.51705 
0027 7.14182 
0010 7.23284 
0007 7.26525 
0171 6.53143 
0170 6.54269 
0169 6.53872 
0048 7.03832 
0172 6.53279 
0173 6.56174 
0034 7.10744 
0009 7.29454 
0079 6.97304 
0091 6.93837 
0077 6.99392 
0089 6.94139 
0033 7.18880 
0035 7.15209 
0040 7.19595 
0090 6.93638 
0086 6.98727 
0087 6.95895 
0085 6.96174 
0078 7.06634 
0080 7.04677 
0039 7.20921 
0100 6.95738 
0088 7.00980 
0014 7.37312 
0013 7.41390 
0121 6.80334 
0099 7.01856 
0098 6.95132 
0119 6.81621 
0012 7.48197 
0120 6.84245 
0011 7.49411 
0101 7.05378 
0005 7.44759 
0093 7.04820 
0006 7.42815 
0094 7.04077 
0103 7.11121 
0097 7.04959 
0095 7.08792 
0112 7.00908 
0111 7.01589 
0104 7.10407 
0102 7.11418 
0180 6.81036 
0096 7.14922 
0113 7.05487 
0178 6.79949 
0114 7.05608 
0004 7.56841 
0105 7.08309 
0109 7.14284 
0110 7.17524 
0176 6.97647 
0106 7.09863 
0108 7.12247 
0179 6.86604 
0124 7.00620 
0075 7.23229 
0073 7.26810 
0074 7.25389 
0059 7.40609 
0076 7.23041 
0229 6.63059 
0003 7.64052 
0228 6.62470 
0227 6.64702 
0177 7.01216 
0125 7.03384 
0232 6.65692 
0230 6.66715 
0024 7.61566 
0060 7.45522 
0166 6.95560 
0156 7.01643 
0165 6.92852 
0157 7.01044 
0167 6.94169 
0164 6.96879 
0161 6.96644 
0191 6.84814 
0023 7.66706 
0163 7.00637 
0226 6.79506 
0162 7.01805 
0115 7.19421 
0193 6.90588 
0225 6.79778 
0159 7.06586 
0224 6.80961 
0186 6.93956 
0189 6.89804 
0118 7.20691 
0223 6.83852 
0187 6.94406 
0082 7.40598 
0192 6.91850 
0190 6.92069 
0117 7.26322 
0116 7.26519 
0188 6.94585 
0081 7.44145 
0201 6.98613 
0202 7.01400 
0240 6.87741 
0160 7.20990 
0200 7.01548 
0199 6.99021 
0184 7.10363 
0031 7.84548 
0030 7.82393 
0032 7.83824 
0237 6.91460 
0185 7.12515 
0183 7.15561 
0238 6.96369 
0196 7.09982 
0198 7.13751 
0211 7.11422 
0212 7.11418 
0197 7.15668 
0084 7.60779 
0206 7.08624 
0204 7.09904 
0029 8.07897 
0203 7.12853 
0205 7.06422 
0239 7.14325 
0083 7.61575 
0054 7.81214 
0181 7.35505 
0020 8.16121 
0051 7.84558 
0052 7.87360 
0019 8.13709 
0053 7.83552 
0216 7.40423 
0137 7.50013 
0215 7.42354 
0050 7.91059 
0055 7.85867 
0056 7.85535 
0217 7.48987 
0057 7.85865 
0218 7.48191 
0058 7.83431 
0213 7.44717 
0214 7.47947 
0135 7.47388 
0136 7.45291 
0209 7.57428 
0049 8.20832 
0210 7.58438 
0141 7.44867 
0235 7.63512 
0234 7.69181 
0220 7.67402 
0236 7.66674 
0219 7.68901 
0233 7.70480 
0222 7.69355 
0064 8.36905 
0221 7.70480 
0063 8.40569 
0138 7.45430 
0174 8.00687 
0207 7.89847 
0175 8.09286 
0208 7.96587 
0145 7.47770 
0140 7.51154 
0143 7.51815 
0142 7.43571 
0155 8.48663 
0144 7.42355 
0146 7.46255 
0127 8.43195 
0131 8.45037 
0147 7.45402 
0148 7.38524 
0128 8.46514 
0129 8.50010 
0134 8.47082 
0132 8.50266 
0151 7.42063 
0130 8.54493 
0149 7.38070 
0133 8.52108 
0150 7.41783 
0154 7.44832 
0152 7.34187 
0153 7.53175 
0309 6.50177 
0313 6.53542 
0311 6.51148 
0310 6.51091 
0312 6.52126 
0314 6.56009 
0241 6.67999 
0320 6.78692 
0365 6.75055 
0321 6.81914 
0319 6.83941 
0261 6.79912 
0367 6.79925 
0369 6.63265 
0370 6.65506 
0308 6.84325 
0260 6.81616 
0263 6.82852 
0262 6.83104 
0366 6.84799 
0306 6.89328 
0331 6.88534 
0373 6.66523 
0371 6.64908 
0334 6.89109 
0301 6.97000 
0336 6.87813 
0372 6.68057 
0368 6.67627 
0317 7.11184 
0381 6.89863 
0330 6.88812 
0318 7.14213 
0253 7.01479 
0302 7.00737 
0332 6.89088 
0333 6.93736 
0305 6.92582 
0379 6.93359 
0298 7.02022 
0297 7.01551 
0304 7.01108 
0303 6.98262 
0254 7.04994 
0252 7.04332 
0255 7.04128 
0266 6.99652 
0300 7.04767 
0244 7.08068 
0242 7.09988 
0299 7.05459 
0378 6.98700 
0245 7.11654 
0380 7.04147 
0267 6.97245 
0246 7.08234 
0265 6.99792 
0243 7.11830 
0329 7.02781 
0340 6.99461 
0342 7.03542 
0343 7.04434 
0341 7.05061 
0324 7.13880 
0247 7.13435 
0326 7.13180 
0325 7.12893 
0327 7.05649 
0339 7.11294 
0353 7.13057 
0328 7.16961 
0338 7.14711 
0258 7.20941 
0259 7.21060 
0250 7.18318 
0257 7.22184 
0256 7.23208 
0352 7.23150 
0249 7.33316 
0337 7.30698 
0347 7.08824 
0345 7.12535 
0344 7.12151 
0251 7.35890 
0346 7.11225 
0357 7.42590 
0356 7.42715 
0359 7.47565 
0354 7.43884 
0358 7.46248 
0355 7.44683 
0323 7.40747 
0350 7.56943 
0351 7.58847 
0277 7.46750 
0322 7.60623 
0361 7.68083 
0377 7.67741 
0363 7.74948 
0374 7.67183 
0362 7.70041 
0360 7.73390 
0376 7.66685 
0375 7.69645 
0276 7.46497 
0278 7.43925 
0349 7.98704 
0279 7.47026 
0348 8.11445 
0315 8.08531 
0281 7.47083 
0280 7.48302 
0316 8.22619 
0282 7.43779 
0296 8.41171 
0283 7.49309 
0284 7.48098 
0285 7.41355 
0286 7.37741 
0287 7.44626 
0269 8.44462 
0274 8.46069 
0268 8.50807 
0272 8.55138 
0273 8.46697 
0289 7.39462 
0271 8.47825 
0270 8.51809 
0288 7.36790 
0291 7.39782 
0292 7.39526 
0290 7.47181 
0294 7.35745 
0293 7.33510 
0275 8.43379 
0295 7.40939 
0384 6.85151 
0382 6.86369 
0383 6.90463 
0404 6.68207 
0403 6.65972 
0425 6.82669 
0408 6.97302 
0419 6.94708 
0424 6.88407 
0398 7.02367 
0399 7.01316 
0423 6.89888 
0400 7.02139 
0444 6.85906 
0454 6.85861 
0407 7.09218 
0449 6.87004 
0453 6.83044 
0452 6.83305 
0397 7.05659 
0450 6.94403 
0447 6.92022 
0448 6.94194 
0420 7.00153 
0418 7.11099 
0390 7.25253 
0417 7.11090 
0392 7.20087 
0552 6.49996 
0551 6.49960 
0426 7.10389 
0415 7.14923 
0428 7.05233 
0555 6.57168 
0553 6.52562 
0416 7.09270 
0554 6.54843 
0550 6.54192 
0427 7.05170 
0430 7.04351 
0429 7.05205 
0409 7.13880 
0391 7.26527 
0410 7.21377 
0421 7.21581 
0508 6.59250 
0507 6.64075 
0459 7.01115 
0467 6.97919 
0470 6.96042 
0473 6.93191 
0506 6.68282 
0422 7.22936 
0502 6.80489 
0471 6.92268 
0472 6.93106 
0461 6.98869 
0505 6.70220 
0462 7.01410 
0474 6.96771 
0469 6.97462 
0468 7.05254 
0460 7.01719 
0503 6.81058 
0504 6.82960 
0393 7.48186 
0394 7.46654 
0480 6.97155 
0501 6.89833 
0388 7.49708 
0479 7.01022 
0482 6.98772 
0387 7.48968 
0476 7.05492 
0477 7.08353 
0475 7.08474 
0494 7.03076 
0495 7.05057 
0493 7.03042 
0561 6.78712 
0486 7.07795 
0485 7.06739 
0612 6.62460 
0496 7.06695 
0562 6.83819 
0489 7.06183 
0481 7.14118 
0611 6.60975 
0560 6.79180 
0457 7.26069 
0385 7.58019 
0456 7.27056 
0484 7.13224 
0406 7.59457 
0488 7.10230 
0549 6.85912 
0483 7.13312 
0547 6.87526 
0455 7.30333 
0610 6.66143 
0613 6.66512 
0609 6.65084 
0548 6.89796 
0545 6.98066 
0542 6.98936 
0539 7.00379 
0606 6.78509 
0543 6.98800 
0608 6.80436 
0607 6.76905 
0441 7.43259 
0573 6.88667 
0574 6.87860 
0558 6.97231 
0544 7.00423 
0572 6.90374 
0575 6.89722 
0490 7.32602 
0576 6.91116 
0571 6.89807 
0541 7.03879 
0605 6.83458 
0538 7.05261 
0491 7.18838 
0498 7.20355 
0492 7.19940 
0500 7.22034 
0569 6.90311 
0395 7.82849 
0396 7.76168 
0568 6.92324 
0570 6.98583 
0540 7.13499 
0566 7.09614 
0622 6.88936 
0581 6.98576 
0620 6.96471 
0621 6.96332 
0567 7.13393 
0584 7.02759 
0463 7.44385 
0565 7.18197 
0578 7.09378 
0464 7.45335 
0580 7.12300 
0583 7.01607 
0582 7.01868 
0499 7.46807 
0579 7.14181 
0497 7.44646 
0414 7.79178 
0587 7.07008 
0593 7.09877 
0412 7.81996 
0411 7.86308 
0588 7.09486 
0594 7.16163 
0585 7.17414 
0563 7.40492 
0465 7.64160 
0564 7.38717 
0413 7.93541 
0402 8.09622 
0466 7.66191 
0434 7.83693 
0586 7.36452 
0433 7.84016 
0436 7.85859 
0597 7.42014 
0598 7.42056 
0599 7.44120 
0435 7.82369 
0600 7.45583 
0438 7.86082 
0432 8.10940 
0437 7.85769 
0439 7.81438 
0596 7.52033 
0520 7.50434 
0591 7.50427 
0440 7.90545 
0517 7.62305 
0592 7.60606 
0618 7.63076 
0602 7.68295 
0521 7.50194 
0616 7.66896 
0603 7.72790 
0604 7.70275 
0601 7.73205 
0617 7.71161 
0615 7.72153 
0522 7.49287 
0523 7.45622 
0445 8.45808 
0446 8.44229 
0556 7.92310 
0557 7.90279 
0519 7.42510 
0589 7.90304 
0590 7.97594 
0518 7.43691 
0431 8.46706 
0526 7.47823 
0524 7.42615 
0537 8.67826 
0529 7.40690 
0527 7.39351 
0511 8.48521 
0512 8.48494 
0513 8.50400 
0516 8.45214 
0509 8.56305 
0510 8.49065 
0528 7.43706 
0515 8.47844 
0530 7.40603 
0531 7.39462 
0532 7.43036 
0533 7.41108 
0536 7.41558 
0514 8.50894 
0535 7.37928 
0534 7.52270 
0623 6.85391 
0625 6.90598 
0624 6.88026 
0644 6.65444 
0645 6.66969 
0664 6.83380 
0667 6.89111 
0693 6.73913 
0649 6.99863 
0648 7.00532 
0665 6.86113 
0666 6.89636 
0796 6.50259 
0792 6.53929 
0791 6.52427 
0639 7.02287 
0692 6.74917 
0660 6.95042 
0793 6.52333 
0684 6.84159 
0795 6.51344 
0685 6.85885 
0661 6.97925 
0638 7.05511 
0694 6.85966 
0640 7.03512 
0690 6.88105 
0695 6.84275 
0689 6.92233 
0641 7.10738 
0688 6.95394 
0633 7.19891 
0671 7.01618 
0631 7.19716 
0668 7.01492 
0657 7.10544 
0650 7.14183 
0691 6.93952 
0630 7.26482 
0669 7.02567 
0651 7.16097 
0656 7.16110 
0632 7.28261 
0670 7.07168 
0713 6.92678 
0659 7.10755 
0712 6.91767 
0701 6.99015 
0658 7.18747 
0714 6.93000 
0702 6.99120 
0703 7.03828 
0744 6.80110 
0663 7.22007 
0700 7.03271 
0742 6.81510 
0709 6.96095 
0708 6.97692 
0710 6.95860 
0662 7.26597 
0745 6.83991 
0743 6.82025 
0723 6.96358 
0628 7.42790 
0801 6.76586 
0635 7.48264 
0720 7.03051 
0721 7.01317 
0803 6.82711 
0802 6.79356 
0722 7.01045 
0717 7.03862 
0716 7.04818 
0735 7.00715 
0634 7.52956 
0719 7.05165 
0749 6.96808 
0746 6.98849 
0629 7.54348 
0747 6.98340 
0790 6.86652 
0737 7.05870 
0736 7.04497 
0724 7.04859 
0718 7.12515 
0733 7.00053 
0814 6.87074 
0787 6.93109 
0788 6.88043 
0727 7.10436 
0784 6.97634 
0730 7.05453 
0626 7.59628 
0728 7.05651 
0813 6.87871 
0748 7.01567 
0731 7.10146 
0812 6.89880 
0851 6.64738 
0780 6.98405 
0816 6.90074 
0853 6.66971 
0734 7.16704 
0779 7.05312 
0815 6.92088 
0854 6.67851 
0696 7.30634 
0847 6.78186 
0855 6.68931 
0846 6.80621 
0817 6.89973 
0850 6.69101 
0810 6.87930 
0786 7.04744 
0811 6.89349 
0732 7.21893 
0637 7.69527 
0848 6.85507 
0683 7.41811 
0646 7.64939 
0682 7.39967 
0849 6.89098 
0781 7.05576 
0740 7.21289 
0808 7.11659 
0647 7.67592 
0739 7.22542 
0741 7.21861 
0807 7.13230 
0809 7.02899 
0822 6.97767 
0738 7.26360 
0823 7.01506 
0636 7.84847 
0782 7.17186 
0863 6.92193 
0806 7.14098 
0825 7.01581 
0799 7.32441 
0800 7.40290 
0820 7.14327 
0862 6.99143 
0819 7.13691 
0672 7.58969 
0860 6.95818 
0821 7.18815 
0828 7.07544 
0824 7.23348 
0829 7.09146 
0653 7.84786 
0826 7.10592 
0655 7.81900 
0654 7.85516 
0652 7.85306 
0834 7.22838 
0804 7.35136 
0706 7.60835 
0707 7.62398 
0805 7.44300 
0642 8.09131 
0643 8.14193 
0838 7.42491 
0839 7.42952 
0677 7.85349 
0673 7.84051 
0674 7.88747 
0840 7.47867 
0836 7.42773 
0678 7.89531 
0837 7.46100 
0679 7.90312 
0680 7.91184 
0675 7.89373 
0841 7.55221 
0758 7.51415 
0832 7.50905 
0676 8.01686 
0759 7.47099 
0681 8.03104 
0760 7.47634 
0761 7.47367 
0843 7.67967 
0856 7.66956 
0857 7.68947 
0844 7.70739 
0845 7.74642 
0859 7.64911 
0762 7.47140 
0858 7.68910 
0842 7.72842 
0798 8.09397 
0763 7.46473 
0797 8.08546 
0830 7.93038 
0687 8.39713 
0831 7.96555 
0764 7.41671 
0778 8.24458 
0686 8.41572 
0765 7.50109 
0766 7.45141 
0767 7.42686 
0768 7.39314 
0754 8.43035 
0769 7.43774 
0750 8.45900 
0751 8.45930 
0755 8.46174 
0752 8.52437 
0770 7.36736 
0771 7.46893 
0756 8.48116 
0753 8.62597 
0757 8.47593 
0772 7.37612 
0773 7.42293 
0775 7.34657 
0774 7.43661 
0776 7.40410 
0777 7.46379 
0864 6.88471 
0886 6.67177 
0865 6.93039 
0885 6.70522 
0934 6.75128 
0933 6.83425 
0935 6.79760 
0901 6.96955 
0890 6.99034 
0902 6.96010 
0905 6.95012 
0925 6.92302 
0879 7.02746 
0926 6.86722 
0889 7.04814 
0931 6.87695 
0999 6.45948 
0907 7.03620 
0908 6.99861 
0930 6.92030 
0936 6.93826 
0882 7.06814 
0906 7.03639 
0881 7.03322 
0912 7.01925 
0929 6.94770 
0932 6.96794 
0909 7.02227 
0910 7.05645 
0949 6.93968 
0983 6.81967 
0911 7.01559 
0899 7.09358 
0898 7.06752 
0942 6.98909 
0985 6.81552 
0891 7.18609 
0955 6.88295 
0984 6.83791 
0874 7.21805 
0944 7.01493 
0897 7.11002 
0892 7.18166 
0900 7.09776 
0954 6.97846 
0951 7.05195 
0943 7.00306 
0950 7.02640 
0956 6.96356 
0872 7.24338 
0873 7.26521 
0986 6.93846 
0953 7.02565 
0962 7.00529 
0941 7.10446 
0961 6.98828 
0959 7.05337 
0871 7.33863 
0963 7.05877 
0964 7.02185 
0904 7.26762 
0965 7.04598 
0975 7.01238 
0966 7.07186 
0957 7.07730 
0976 7.04865 
0989 7.00577 
0990 6.97715 
0967 7.05912 
0968 7.08903 
0987 7.02051 
0958 7.11933 
0978 7.05259 
0969 7.06551 
0977 7.03566 
0972 7.10599 
0988 7.04228 
0970 7.13797 
0940 7.22611 
0875 7.51107 
0974 7.20610 
0876 7.51272 
0939 7.25184 
0869 7.42239 
0973 7.27995 
0870 7.43287 
0971 7.29654 
0937 7.36997 
0981 7.22189 
0980 7.25145 
0982 7.26778 
0979 7.23833 
0924 7.45938 
0923 7.43567 
0867 7.58874 
0888 7.64695 
0868 7.56195 
0945 7.45482 
0946 7.43857 
0877 7.71531 
0887 7.65313 
0878 7.71247 
0948 7.61243 
0947 7.64571 
0896 7.78784 
0895 7.84453 
0893 7.87622 
0894 7.90159 
0915 7.85071 
0883 8.09681 
0917 7.83501 
0884 8.09163 
0919 7.85480 
0914 7.93353 
0916 7.90829 
0920 7.84984 
0921 7.80987 
0918 8.00843 
0922 7.83821 
0913 8.31098 
0928 8.36824 
0927 8.50516 
0992 8.46871 
0998 8.48592 
0997 8.51685 
0996 8.50234 
0995 8.50246 
0994 8.54551 
0993 8.49440 
0991 8.48212 
0003 6.52325 
0023 6.73331 
0002 6.52976 
0024 6.89348 
0019 6.91533 
0018 6.93700 
0022 7.00924 
0025 6.94271 
0014 7.07815 
0015 7.06256 
0006 7.43221 
0007 7.44899 
0009 7.60916 
0008 7.69281 
0016 7.94155 
0017 7.96548 
0021 8.05796 
0010 8.03470 
0020 8.08384 
0011 8.09558 
0013 8.22595 
0012 8.25820 
0004 8.34020 
0005 8.39619 
0000 8.98642 
0001 8.99137 
0029 6.52493 
0028 6.59886 
0049 6.74592 
0048 6.77357 
0045 6.96092 
0044 6.97550 
0051 6.89658 
0050 6.94690 
0040 7.05120 
0041 7.10199 
0034 7.55166 
0035 7.56801 
0033 7.39484 
0032 7.54035 
0042 7.92624 
0043 7.97520 
0036 8.03076 
0037 8.03499 
0047 8.02987 
0038 8.29800 
0039 8.29701 
0046 8.08159 
0030 8.31333 
0031 8.33305 
0026 9.10599 
0027 9.16753 
0055 6.53589 
0054 6.51133 
0075 6.75534 
0074 6.89604 
0071 6.92937 
0076 6.89364 
0077 6.92806 
0070 7.04827 
0067 7.05152 
0066 7.04966 
0058 7.41810 
0059 7.43415 
0060 7.61426 
0061 7.64110 
0068 7.95225 
0062 7.95617 
0069 8.04333 
0063 8.02852 
0073 8.12643 
0072 8.14910 
0064 8.25020 
0065 8.26724 
0056 8.30768 
0057 8.36886 
0052 8.59030 
0053 8.66779 
0081 6.51983 
0101 6.77381 
0080 6.61432 
0100 6.78562 
0097 7.02277 
0096 7.01625 
0103 6.87278 
0102 7.20650 
0092 7.04993 
0093 7.12038 
0087 7.58604 
0086 7.59468 
0085 7.38276 
0084 7.54732 
0094 7.94217 
0088 8.05612 
0095 7.95801 
0089 8.13711 
0099 8.06685 
0091 8.35671 
0082 8.30151 
0098 8.11364 
0090 8.41162 
0083 8.33302 
0079 8.99091 
0078 9.09726 
0107 6.52301 
0106 6.55383 
0126 6.79481 
0127 6.82806 
0123 6.93150 
0122 6.96191 
0129 6.89286 
0128 6.90802 
0119 7.07303 
0118 7.04240 
0111 7.43974 
0110 7.48097 
0112 7.60819 
0113 7.62007 
0120 7.98241 
0121 7.99975 
0114 8.03406 
0115 8.08593 
0125 8.13220 
0124 8.19417 
0117 8.28930 
0116 8.28721 
0109 8.30144 
0108 8.32334 
0104 9.05035 
0105 9.05486 
0133 6.50542 
0132 6.57046 
0149 6.92661 
0148 6.93068 
0152 6.77600 
0153 6.85570 
0155 6.89816 
0154 6.94715 
0144 7.02924 
0145 7.05989 
0139 7.56915 
0138 7.60220 
0137 7.41718 
0136 7.42234 
0140 7.98805 
0146 7.93924 
0147 7.99553 
0141 8.06410 
0142 8.22650 
0151 8.09759 
0143 8.30070 
0150 8.19208 
0134 8.30796 
0135 8.36609 
0131 8.17500 
0130 8.32577 
0159 6.52729 
0158 6.54132 
0179 6.73589 
0178 6.80326 
0181 6.87813 
0175 6.94704 
0174 6.94708 
0180 6.97355 
0171 7.06675 
0170 7.11615 
0163 7.41546 
0162 7.69849 
0165 7.61968 
0164 7.59439 
0172 7.88713 
0173 7.97495 
0176 8.07874 
0177 8.03152 
0166 8.06932 
0167 8.15410 
0169 8.29673 
0168 8.26915 
0160 8.36331 
0161 8.38054 
0157 8.85425 
0156 9.04147 
0185 6.52589 
0184 6.58818 
0205 6.81123 
0204 6.83103 
0200 6.99872 
0201 6.96250 
0207 6.92125 
0206 6.92833 
0197 7.05621 
0196 7.12136 
0191 7.59977 
0190 7.83831 
0189 7.44631 
0188 7.44261 
0192 8.10827 
0198 7.90588 
0193 8.17047 
0199 7.94845 
0194 8.21405 
0202 8.09229 
0203 8.08269 
0195 8.30992 
0186 8.40447 
0187 8.59911 
0182 9.05268 
0183 9.09394 
0211 6.52163 
0210 6.53532 
0226 6.93307 
0232 6.89740 
0233 6.91484 
0231 6.91155 
0227 6.96867 
0230 7.02609 
0223 7.07683 
0222 7.10077 
0215 7.40616 
0214 7.45966 
0217 7.63143 
0216 7.59412 
0225 7.92226 
0224 7.92737 
0218 8.03551 
0229 8.04778 
0219 8.13306 
0228 8.13903 
0221 8.28051 
0213 8.31804 
0212 8.29197 
0220 8.46834 
0209 9.02091 
0208 9.04437 
0237 6.54677 
0236 6.51528 
0254 6.76644 
0255 6.72939 
0242 6.97451 
0256 6.88956 
0257 6.94262 
0251 7.09720 
0250 7.08242 
0245 7.62299 
0244 7.87295 
0241 7.40603 
0240 7.41574 
0246 8.03552 
0247 8.09880 
0253 8.10831 
0248 8.29632 
0252 8.17400 
0249 8.32236 
0239 8.33168 
0238 8.34440 
0234 9.22057 
0235 9.29139 
0261 6.51523 
0260 6.54293 
0282 6.76301 
0281 6.80061 
0283 6.89276 
0274 7.00045 
0284 6.91049 
0275 6.97153 
0273 7.06968 
0272 7.07199 
0265 7.38123 
0264 7.41057 
0266 7.56039 
0267 7.67015 
0276 7.95216 
0277 7.95214 
0278 7.95750 
0268 8.04109 
0279 8.06960 
0280 8.06182 
0269 8.22175 
0270 8.19679 
0271 8.26853 
0263 8.33644 
0262 8.29666 
0258 8.89968 
0259 8.91740 
0288 6.59573 
0287 6.53897 
0309 6.74643 
0308 6.78173 
0301 6.98040 
0302 6.95553 
0311 6.88749 
0310 6.94841 
0299 7.08031 
0300 7.05474 
0294 7.59219 
0293 7.66604 
0292 7.44367 
0291 7.47664 
0295 8.04044 
0296 8.18184 
0303 7.94529 
0304 7.97075 
0305 7.98504 
0298 8.24268 
0297 8.23360 
0289 8.34509 
0290 8.33196 
0306 8.17417 
0307 8.22111 
0285 9.05267 
0286 9.11470 
0315 6.50471 
0314 6.55297 
0336 6.75530 
0335 6.80263 
0328 6.92438 
0329 6.93196 
0337 6.88842 
0338 7.08767 
0326 7.06715 
0327 7.06734 
0319 7.40760 
0318 7.47006 
0320 7.53802 
0321 7.61647 
0332 7.96818 
0330 7.95503 
0331 8.00189 
0322 8.05847 
0323 8.11218 
0334 8.11065 
0333 8.12416 
0324 8.35115 
0325 8.35625 
0316 8.41010 
0317 8.54313 
0313 8.98964 
0312 9.05563 
0342 6.52490 
0341 6.56768 
0356 6.75524 
0355 6.81860 
0363 6.73365 
0362 6.79847 
0364 6.90544 
0365 6.91288 
0353 7.04531 
0354 7.08943 
0347 7.59655 
0348 7.64282 
0345 7.48377 
0346 7.49377 
0349 8.08069 
0357 7.98851 
0358 7.95086 
0359 7.99870 
0350 8.16483 
0351 8.25575 
0360 8.20020 
0361 8.17793 
0344 8.41469 
0343 8.39154 
0352 8.53198 
0340 8.92132 
0339 8.94996 
0367 6.51667 
0366 6.52664 
0386 6.76737 
0385 6.76424 
0387 6.89175 
0388 6.88892 
0378 7.06688 
0379 7.33270 
0371 7.36905 
0370 7.42372 
0373 7.56307 
0372 7.59735 
0381 7.84862 
0380 7.87697 
0382 7.90125 
0374 8.15946 
0383 8.16174 
0384 8.12288 
0375 8.17984 
0376 8.27457 
0377 8.28886 
0368 8.33756 
0369 8.36514 
0389 6.54927 
0402 6.53949 
0409 6.74504 
0408 6.79270 
0410 6.90036 
0411 6.93662 
0400 7.06018 
0401 7.06816 
0394 7.54839 
0395 7.60737 
0393 7.43729 
0392 7.49668 
0405 7.97827 
0404 7.91390 
0403 7.98980 
0396 8.09594 
0397 8.17432 
0398 8.23692 
0399 8.27089 
0407 8.06870 
0406 8.07192 
0391 8.37782 
0390 8.38709 
0412 6.51210 
0425 6.54365 
0432 6.73399 
0431 6.80743 
0434 6.89276 
0433 6.91108 
0423 7.04217 
0424 7.06620 
0416 7.41845 
0415 7.44231 
0417 7.59654 
0418 7.82997 
0427 7.97255 
0428 7.98083 
0426 8.02764 
0419 8.05291 
0420 8.18989 
0430 8.15909 
0429 8.23989 
0421 8.32335 
0422 8.33080 
0414 8.29362 
0413 8.28619 
0435 6.64831 
0448 6.52970 
0455 6.76709 
0454 6.76578 
0457 6.88832 
0456 6.90288 
0447 7.08254 
0446 7.06529 
0440 7.58015 
0441 7.61145 
0439 7.41623 
0438 7.44641 
0449 7.80474 
0450 7.80606 
0442 8.08146 
0443 8.14415 
0437 8.41082 
0436 8.41572 
0445 8.26124 
0452 8.10191 
0453 8.11898 
0444 8.49093 
0462 6.54104 
0474 6.77599 
0473 6.83299 
0476 6.90789 
0475 6.91228 
0461 7.10713 
0469 7.04776 
0470 7.09011 
0460 7.39870 
0459 7.43259 
0463 7.59820 
0464 7.60694 
0465 8.05990 
0458 8.24405 
0466 8.12125 
0472 8.15221 
0471 8.17692 
0468 8.23782 
0467 8.23098 
0491 6.79167 
0492 6.78930 
0493 6.88587 
0494 6.93885 
0488 7.06232 
0487 7.09385 
0484 7.07827 
0486 7.04930 
0485 7.10544 
0478 7.58325 
0477 7.30025 
0479 7.68450 
0480 8.01668 
0481 8.10341 
0483 8.28408 
0482 8.30195 
0490 8.11517 
0489 8.11030 
0504 6.57009 
0510 6.77469 
0511 6.79601 
0512 6.89183 
0513 6.92526 
0502 7.06439 
0503 7.11772 
0507 7.15585 
0506 7.20535 
0505 7.22276 
0495 7.40562 
0496 7.55768 
0497 7.57149 
0498 8.01527 
0499 8.11617 
0509 8.16112 
0508 8.19374 
0501 8.26997 
0500 8.27396 
0514 6.59567 
0525 6.81323 
0524 6.77676 
0527 6.89987 
0526 6.93048 
0520 7.05255 
0521 7.05138 
0515 7.40007 
0516 8.06875 
0517 8.11851 
0523 8.09018 
0519 8.29545 
0518 8.29610 
0522 8.14528 
0528 6.55642 
0538 6.75955 
0537 6.78750 
0539 6.88688 
0540 6.93251 
0531 7.06027 
0532 7.11224 
0533 7.26486 
0534 7.29002 
0529 8.21897 
0530 8.24923 
0535 8.10038 
0536 8.07223 
0547 6.64177 
0548 6.53917 
0549 6.55179 
0553 6.74547 
0552 6.93006 
0555 6.90730 
0554 6.96254 
0543 7.07306 
0544 7.10642 
0546 7.25764 
0545 7.49373 
0541 8.24754 
0542 8.30476 
0550 8.11642 
0551 8.12152 
0557 6.55182 
0556 6.68022 
0567 6.74680 
0566 6.80217 
0569 6.91654 
0568 6.86309 
0561 7.08832 
0560 7.08736 
0562 7.27456 
0563 7.29598 
0559 8.30169 
0565 8.16546 
0564 8.17795 
0558 8.43015 
0576 6.54459 
0582 6.75992 
0581 6.76747 
0578 6.60701 
0577 6.60583 
0583 6.91526 
0584 6.95136 
0572 7.05816 
0573 7.07981 
0574 7.27688 
0575 7.30873 
0570 8.26423 
0571 8.37243 
0580 8.10753 
0579 8.15048 
0591 6.52970 
0593 6.53357 
0592 6.54752 
0597 6.74985 
0596 6.79115 
0599 6.91760 
0598 6.97644 
0587 7.07470 
0588 7.07124 
0590 7.29573 
0589 7.32409 
0586 8.26089 
0595 8.04977 
0594 8.07763 
0585 8.59119 
0606 6.56054 
0607 6.55049 
0608 6.62999 
0612 6.75637 
0611 6.77536 
0613 6.88650 
0614 6.88882 
0602 7.07566 
0603 7.07153 
0604 7.31528 
0605 7.32022 
0601 8.28279 
0600 8.28714 
0610 8.12051 
0609 8.21340 
0615 6.59927 
0624 6.77277 
0625 6.80286 
0627 6.89441 
0626 6.87956 
0619 7.06918 
0618 7.13549 
0620 7.29278 
0621 7.53140 
0617 8.34430 
0616 8.30318 
0622 8.17541 
0623 8.20723 
0628 6.54347 
0629 6.54878 
0639 6.75241 
0638 6.89002 
0640 6.87283 
0641 6.90530 
0633 7.07921 
0632 7.09464 
0635 7.30078 
0634 7.31695 
0630 8.28935 
0637 8.02181 
0631 8.34759 
0636 8.12355 
0648 6.65229 
0654 6.73027 
0649 6.57429 
0650 6.60798 
0653 6.89892 
0655 6.89051 
0656 6.91871 
0644 7.06647 
0645 7.12787 
0646 7.29507 
0647 7.28960 
0642 8.31553 
0652 8.14378 
0643 8.40734 
0651 8.14683 
0657 6.53285 
0667 6.75010 
0666 6.77316 
0668 6.89969 
0669 6.91855 
0661 7.06592 
0660 7.06843 
0662 7.29385 
0663 7.33333 
0659 8.34893 
0664 8.13361 
0658 8.35907 
0665 8.16101 
0677 6.52939 
0676 6.68325 
0678 6.56340 
0682 6.75582 
0681 6.80379 
0683 6.88299 
0684 6.91177 
0673 7.06302 
0672 7.05925 
0674 7.26350 
0675 7.27643 
0670 8.21663 
0671 8.22394 
0680 8.02469 
0679 8.10347 
0691 6.54192 
0692 6.58122 
0693 6.60179 
0697 6.73439 
0696 6.77916 
0699 6.92493 
0698 6.93424 
0687 7.06493 
0688 7.18751 
0690 7.27708 
0689 7.33817 
0695 8.08673 
0694 8.13788 
0685 8.28078 
0686 8.27170 
0706 6.53324 
0712 6.78731 
0711 6.78953 
0713 6.89375 
0714 7.08269 
0703 7.06708 
0708 6.61638 
0707 6.71557 
0702 7.19200 
0704 7.29192 
0705 7.31289 
0700 8.25397 
0701 8.26016 
0710 8.10103 
0709 8.12424 
0721 6.55455 
0726 6.78071 
0727 6.77507 
0729 6.91712 
0728 6.94295 
0722 6.58021 
0718 7.07913 
0717 7.05804 
0723 6.63818 
0719 7.28054 
0720 7.29567 
0715 8.27632 
0716 8.28261 
0725 8.04945 
0724 8.15570 
0742 6.75316 
0741 6.81129 
0736 6.76223 
0744 6.89100 
0743 6.92581 
0737 6.55447 
0733 7.09832 
0732 7.09018 
0738 6.63099 
0735 7.30103 
0734 7.31420 
0731 8.25969 
0730 8.32546 
0740 8.13856 
0739 8.16700 
0757 6.75102 
0751 6.62040 
0756 6.77804 
0758 6.89859 
0759 6.91829 
0753 6.59858 
0752 6.57539 
0747 7.04146 
0748 7.12071 
0749 7.29827 
0750 7.39853 
0746 8.27147 
0745 8.30238 
0754 8.07571 
0755 8.05682 
0771 6.77465 
0772 6.79951 
0766 6.55215 
0773 6.88607 
0774 6.90809 
0767 6.56208 
0768 6.59545 
0762 7.06350 
0763 7.13594 
0764 7.53326 
0765 7.52662 
0761 8.28387 
0760 8.26946 
0770 8.11742 
0769 8.14764 
0785 6.73596 
0784 6.76409 
0787 6.89641 
0786 6.88278 
0779 6.57088 
0811 6.83548 
0812 6.86444 
0813 6.89107 
0780 6.56371 
0788 7.11633 
0790 7.11742 
0846 6.82397 
0791 7.14008 
0805 7.07438 
0789 7.16618 
0848 6.82714 
0847 6.85360 
0810 7.17076 
0849 6.95104 
0804 7.08449 
0802 7.11300 
0800 7.13410 
0801 7.15402 
0803 7.24261 
0796 7.23583 
0797 7.27508 
0794 6.77972 
0792 6.79857 
0795 6.81589 
0793 6.82928 
0798 7.48178 
0799 7.44310 
0777 7.27125 
0823 7.08219 
0816 7.08637 
0820 7.07357 
0817 7.08394 
0815 7.07189 
0818 7.10749 
0822 7.10800 
0819 7.14000 
0806 7.30831 
0809 7.33471 
0821 7.07320 
0808 7.35374 
0858 7.03702 
0778 7.54413 
0824 7.20748 
0854 7.07268 
0855 7.05676 
0861 7.12503 
0857 7.03871 
0860 7.11891 
0852 7.11615 
0851 7.11218 
0863 7.14761 
0859 7.07747 
0853 7.09321 
0827 7.26196 
0825 7.28781 
0862 7.15838 
0856 7.10819 
0850 7.12489 
0842 7.79660 
0830 7.29312 
0864 7.12823 
0844 7.86588 
0828 7.22425 
0865 7.13192 
0829 7.26250 
0866 7.15808 
0833 7.24507 
0868 7.15851 
0867 7.17625 
0831 7.26299 
0775 8.19252 
0869 7.13545 
0776 8.26049 
0870 7.14170 
0832 7.23005 
0837 7.26240 
0840 7.20710 
0871 7.12795 
0835 7.25736 
0834 7.31140 
0872 7.16700 
0873 7.10532 
0782 8.15865 
0838 7.26203 
0783 8.15207 
0874 7.14188 
0836 7.30904 
0839 7.28394 
0876 7.12434 
0877 7.11167 
0841 7.30335 
0875 7.40025 
0882 6.68388 
0883 6.72937 
0880 6.72445 
0881 6.71896 
0887 6.83033 
0885 6.85182 
0884 6.85996 
0905 6.76999 
0918 6.71968 
0888 6.88179 
0891 6.88385 
0917 6.73574 
0906 6.83107 
0907 6.80757 
0919 6.78138 
0950 6.65874 
0952 6.68541 
0890 6.87962 
0949 6.64374 
0951 6.70795 
0904 6.84907 
0913 6.80662 
0916 6.76318 
0948 6.69138 
0914 6.88099 
0912 6.86662 
0889 7.10750 
0915 6.89390 
0899 7.09860 
0999 6.89514 
0897 7.12149 
0947 6.88870 
0898 7.11409 
0896 7.14283 
0878 7.26789 
0944 6.88584 
0879 7.27096 
0920 7.11966 
0929 7.03553 
0946 6.90777 
0930 7.03678 
0931 7.08219 
0921 7.16392 
0945 6.98506 
0928 7.07927 
0922 7.15186 
0923 7.18321 
0908 7.23741 
0910 7.25788 
0933 7.16253 
0934 7.12693 
0935 7.10912 
0932 7.13402 
0977 6.95517 
0978 6.94550 
0940 7.16896 
0976 6.93861 
0973 7.06863 
0975 6.90048 
0943 7.14257 
0941 7.21603 
0971 7.07345 
0974 7.10974 
0942 7.20741 
0972 7.08515 
0926 7.41381 
0925 7.40015 
0894 7.61583 
0895 7.61829 
0893 7.61194 
0902 7.61344 
0924 7.47220 
0927 7.48026 
0903 7.64296 
0901 7.61564 
0900 7.73448 
0963 7.40024 
0961 7.35730 
0982 7.31325 
0954 7.31215 
0966 7.41379 
0964 7.45631 
0979 7.35742 
0955 7.34857 
0956 7.36958 
0981 7.41031 
0998 7.40592 
0995 7.38357 
0959 7.35064 
0953 7.33880 
0996 7.40137 
0997 7.38871 
0958 7.38968 
0960 7.33379 
0957 7.40587 
0962 7.36124 
0937 7.70358 
0938 7.73073 
0939 7.71696 
0984 7.53334 
0936 7.85349 
0983 7.63329 
0987 7.62875 
0988 7.59121 
0985 7.65076 
0986 7.60484 
0989 7.58965 
0990 7.63532 
0992 7.56969 
0991 7.58935 
0993 7.61686 
0994 7.57054 
